"model_id","auc","logloss","aucpr","mean_per_class_error","rmse","mse"
"StackedEnsemble_AllModels_1_AutoML_1_20220816_163542",0.8565221943048575,0.44211335736180823,0.7512263336011871,0.224036850921273,0.3826732260132155,0.14643879790736153
"StackedEnsemble_BestOfFamily_1_AutoML_1_20220816_163542",0.8546203238414294,0.4459601707035548,0.7405085000222845,0.22105899869718965,0.3824647865508566,0.14627931295139224
"GBM_5_AutoML_1_20220816_163542",0.8502233389168063,0.45789048968214513,0.7448283161446976,0.22146612693095105,0.3871492017347458,0.1498845044038509
"GBM_grid_1_AutoML_1_20220816_163542_model_2",0.845070258700912,0.4604022155018425,0.7422536817356583,0.22622371114833423,0.3885102953493959,0.15094024959247485
"DeepLearning_grid_1_AutoML_1_20220816_163542_model_1",0.8438139772938769,0.5134531864572518,0.7193640582887127,0.2272822445561139,0.4006421778462923,0.16051415466942012
"DRF_1_AutoML_1_20220816_163542",0.8434359296482412,0.4579136720039475,0.7338472770932736,0.2309812953657175,0.3901771530883024,0.15223821079209257
"GLM_1_AutoML_1_20220816_163542",0.8419702680067002,0.47121438723256215,0.736056917844414,0.22074492834543089,0.38877186168695343,0.15114356043953964
"GBM_3_AutoML_1_20220816_163542",0.8417667038898194,0.4658346668881431,0.7316903304092147,0.22714265773311,0.39182630118362866,0.15352785029924368
"GBM_1_AutoML_1_20220816_163542",0.8401556393076494,0.46734596075200263,0.7169726724143457,0.2370649544016378,0.3921639815466252,0.1537925884225018
"GBM_grid_1_AutoML_1_20220816_163542_model_3",0.8397717755443886,0.46577015913174113,0.7239832482218346,0.23765819839940444,0.39269634744756365,0.1542104212986576
"GBM_4_AutoML_1_20220816_163542",0.8386434487251071,0.4712517438798771,0.7096986726764519,0.22430439233203053,0.39363167484013495,0.15494589543744972
"XRT_1_AutoML_1_20220816_163542",0.837997859668714,0.4646695818980957,0.7250511797873865,0.23500604876233017,0.3929113953578728,0.15437936460207063
"GBM_grid_1_AutoML_1_20220816_163542_model_4",0.8372824772008189,0.4644385073012387,0.7347530377310945,0.24639400707239903,0.3929810444113471,0.15443410126663318
"GBM_grid_1_AutoML_1_20220816_163542_model_5",0.8366601526149265,0.46794858610776013,0.7435818990289401,0.24969756188349151,0.3915675887731652,0.15332517657763062
"GBM_2_AutoML_1_20220816_163542",0.8324434673366834,0.47393339651839905,0.7332525629045287,0.2325749115950121,0.3969486647596726,0.15756824245448697
"DeepLearning_grid_3_AutoML_1_20220816_163542_model_2",0.8313325888702774,0.49489289134946385,0.7096316311158899,0.22186162292946213,0.407647693701752,0.1661766421803574
"GBM_grid_1_AutoML_1_20220816_163542_model_1",0.8275230318257957,0.4795626875335207,0.7170584547221448,0.24585892425088404,0.3988213703878532,0.1590584854780452
"DeepLearning_1_AutoML_1_20220816_163542",0.8243823283082078,0.49704508484408694,0.7049787540980949,0.2325167504187605,0.4018286749608336,0.16146628402077928
"DeepLearning_grid_1_AutoML_1_20220816_163542_model_2",0.8201365624418389,0.5205288381213063,0.6974796023377439,0.24553322166387492,0.41126609908701417,0.16913980425824976
"DeepLearning_grid_2_AutoML_1_20220816_163542_model_1",0.818822119858552,0.5524089531347203,0.6913905753480657,0.2516750418760469,0.41955963722044,0.1760302891845472
"DeepLearning_grid_3_AutoML_1_20220816_163542_model_1",0.8151695979899497,0.571738864606354,0.6788137310964671,0.2465219616601526,0.42531802302458344,0.18089542070954007
"DeepLearning_grid_2_AutoML_1_20220816_163542_model_2",0.7929113158384515,0.5231474602203595,0.6799715085260502,0.2848036478689745,0.42002974291326894,0.17642498493178682
