"model_id","auc","logloss","aucpr","mean_per_class_error","rmse","mse"
"StackedEnsemble_BestOfFamily_1_AutoML_1_20220817_231458",0.8572738809413936,0.44535911024334096,0.750796510514556,0.22258883248730965,0.3836009420286745,0.1471496827252865
"StackedEnsemble_AllModels_1_AutoML_1_20220817_231458",0.8546781264420859,0.44844041396219614,0.758440181149729,0.23221042916474388,0.3853880728778432,0.14852396671649776
"DeepLearning_grid_2_AutoML_1_20220817_231458_model_1",0.850138440239963,0.514981485956423,0.7392295643610284,0.227814951545916,0.40513701152341014,0.16413599810611976
"GBM_2_AutoML_1_20220817_231458",0.8464293954776189,0.4623223522732924,0.7509049668879539,0.24062067374250115,0.39158751255650376,0.15334077999018997
"GBM_grid_1_AutoML_1_20220817_231458_model_2",0.8415320719889248,0.4690713309083144,0.7414232444932449,0.2408052607291186,0.39364402070519416,0.15495561503695135
"DeepLearning_grid_1_AutoML_1_20220817_231458_model_1",0.8408110290724503,0.5139154354689743,0.7246957430648614,0.22613059529303184,0.4058256700341571,0.16469447445867255
"DeepLearning_grid_3_AutoML_1_20220817_231458_model_1",0.8380941393631749,0.5521381645042818,0.6942939906678237,0.22669589293954776,0.4069107446972368,0.16557635415005983
"GBM_4_AutoML_1_20220817_231458",0.8379441624365481,0.4740234279212686,0.7335050906005397,0.24464697738809416,0.39627749787178645,0.15703585531952372
"GBM_3_AutoML_1_20220817_231458",0.8361790493770189,0.4762563402383306,0.7168963845738976,0.23752884171665897,0.39792198426172715,0.15834190555879024
"GBM_1_AutoML_1_20220817_231458",0.8361329026303645,0.4763468301195389,0.7055751901161711,0.23324873096446705,0.3964097381378638,0.15714068049052968
"GLM_1_AutoML_1_20220817_231458",0.8358041070604523,0.4797988242416614,0.7300964999255802,0.25192662667281956,0.39484889065404993,0.15590564645073388
"XGBoost_grid_1_AutoML_1_20220817_231458_model_2",0.8347715736040608,0.4789028679660492,0.7342704418374273,0.2367904937701892,0.3996716975297336,0.15973746580629888
"XGBoost_3_AutoML_1_20220817_231458",0.8335544531610521,0.5029391692040189,0.7113019725951752,0.2403322565759114,0.40818650441646653,0.16661622238773405
"XGBoost_2_AutoML_1_20220817_231458",0.8325969081679742,0.48570525249672497,0.7272926009759818,0.24487771112136592,0.400744442911006,0.1605961085240525
"GBM_5_AutoML_1_20220817_231458",0.8316508998615598,0.4818984606988543,0.7259989818164791,0.2503345639132441,0.40036107469474747,0.16028899013073314
"XGBoost_grid_1_AutoML_1_20220817_231458_model_3",0.8307048915551454,0.5128926346378163,0.7303399511352463,0.24360867558837104,0.4079573955265031,0.1664292365647677
"DRF_1_AutoML_1_20220817_231458",0.8304222427318874,0.47862877862803266,0.7134738178045196,0.24012459621596677,0.39994212833546144,0.15995370601749873
"XGBoost_grid_1_AutoML_1_20220817_231458_model_1",0.8268401015228426,0.49347416933734606,0.7076571459541099,0.2500115366866636,0.4050398873726101,0.16405731036281662
"XRT_1_AutoML_1_20220817_231458",0.8261132902630365,0.48111335764067986,0.7064650535229338,0.2542339640055376,0.4027907956946432,0.1622404250963238
"GBM_grid_1_AutoML_1_20220817_231458_model_1",0.8211236732810336,0.4903024179158915,0.7090647927111146,0.26069450853714815,0.4043859403549401,0.16352798875674915
"XGBoost_1_AutoML_1_20220817_231458",0.8197738809413937,0.49708663517682417,0.7042161167838517,0.2529303184125519,0.40672719747886815,0.1654270131690142
"DeepLearning_1_AutoML_1_20220817_231458",0.8156610521458237,0.5175679075563722,0.6973573176098671,0.2648246423627134,0.41472502688128426,0.17199684792168193
